<?xml version='1.0' encoding='UTF-8'?>
<kml xmlns='http://www.opengis.net/kml/2.2'>
	<Document>
		<name>BBMP Wards</name>
		<Placemark>
			<name>Ward 1</name>
			<description><![CDATA[Ward Name: Kempegowda Ward<br>Zone: Yelahanka<br>Division: Yelahanka<br>Subdivision: Yelahanka<br>Assembly (MLA) Constituency : Yelahanka<br>Parliament (MP) Constituency: Chikballapur]]></description>
			<Style><LineStyle>
				<color>FF589D0F</color>
				<width>2.0</width>
			</LineStyle>
			<PolyStyle>
				<color>12589D0F</color>
				<fill>1</fill>
				<outline>1</outline>
			</PolyStyle></Style>
			<ExtendedData>
				<Data name='Ward Name'>
					<value>Kempegowda Ward</value>
				</Data>
				<Data name='Zone'>
					<value>Yelahanka</value>
				</Data>
				<Data name='Division'>
					<value>Yelahanka</value>
				</Data>
				<Data name='Subdivision'>
					<value>Yelahanka</value>
				</Data>
				<Data name='Assembly (MLA) Constituency '>
					<value>Yelahanka</value>
				</Data>
				<Data name='Parliament (MP) Constituency'>
					<value>Chikballapur</value>
				</Data>
			</ExtendedData>
			<Polygon>
				<outerBoundaryIs>
					<LinearRing>
						<tessellate>1</tessellate>
						<coordinates>77.615154,13.131169,0.0 77.615171,13.131206,0.0 77.615114,13.131218,0.0 77.614576,13.131862,0.0 77.614429,13.131984,0.0 77.613933,13.132398,0.0 77.613666,13.132623,0.0 77.613666,13.132613,0.0 77.613105,13.133043,0.0 77.612449,13.133494,0.0 77.612464,13.133502,0.0 77.612323,13.133596,0.0 77.6118,13.133874,0.0 77.611447,13.134044,0.0 77.610982,13.134052,0.0 77.610593,13.134091,0.0 77.610265,13.134115,0.0 77.610094,13.134116,0.0 77.609725,13.134077,0.0 77.608435,13.13409,0.0 77.607853,13.134096,0.0 77.607656,13.134097,0.0 77.606533,13.134108,0.0 77.605749,13.134116,0.0 77.605632,13.13412,0.0 77.605558,13.134122,0.0 77.60545,13.134121,0.0 77.605414,13.134128,0.0 77.605337,13.134144,0.0 77.605322,13.134161,0.0 77.605019,13.134267,0.0 77.604808,13.134411,0.0 77.604019,13.134619,0.0 77.603647,13.134743,0.0 77.603466,13.134748,0.0 77.601919,13.134752,0.0 77.600542,13.13478,0.0 77.599876,13.134789,0.0 77.599724,13.134799,0.0 77.599034,13.13479,0.0 77.597789,13.134808,0.0 77.596513,13.134809,0.0 77.59586,13.134801,0.0 77.595798,13.134802,0.0 77.595711,13.134809,0.0 77.595682,13.134827,0.0 77.595135,13.134784,0.0 77.594328,13.134817,0.0 77.593175,13.134799,0.0 77.592333,13.134808,0.0 77.591619,13.134815,0.0 77.591257,13.135119,0.0 77.590993,13.135096,0.0 77.590619,13.1351,0.0 77.590134,13.135122,0.0 77.589803,13.135125,0.0 77.589437,13.135079,0.0 77.589019,13.135024,0.0 77.588619,13.134987,0.0 77.588177,13.134971,0.0 77.58757,13.134977,0.0 77.587034,13.134983,0.0 77.586463,13.134988,0.0 77.58582,13.13496,0.0 77.585212,13.134931,0.0 77.584854,13.134865,0.0 77.584318,13.134835,0.0 77.583629,13.134825,0.0 77.58325,13.134811,0.0 77.5851,13.131631,0.0 77.586617,13.130821,0.0 77.587885,13.130298,0.0 77.588318,13.129272,0.0 77.588065,13.127175,0.0 77.587779,13.126668,0.0 77.587782,13.125667,0.0 77.587944,13.123785,0.0 77.587922,13.121702,0.0 77.587445,13.12069,0.0 77.586816,13.120061,0.0 77.586291,13.119768,0.0 77.586317,13.119563,0.0 77.586437,13.11851,0.0 77.586544,13.117706,0.0 77.586665,13.116766,0.0 77.586779,13.115873,0.0 77.5869,13.114976,0.0 77.586982,13.114446,0.0 77.587058,13.11411,0.0 77.587247,13.113555,0.0 77.587426,13.113148,0.0 77.587847,13.112389,0.0 77.588238,13.111746,0.0 77.588331,13.111574,0.0 77.588339,13.111558,0.0 77.588351,13.111558,0.0 77.588344,13.11155,0.0 77.588521,13.111223,0.0 77.589463,13.111551,0.0 77.58972,13.110989,0.0 77.590465,13.111115,0.0 77.590429,13.111485,0.0 77.589567,13.112102,0.0 77.589709,13.112742,0.0 77.590491,13.112552,0.0 77.590658,13.112339,0.0 77.590628,13.112087,0.0 77.590649,13.111944,0.0 77.590749,13.111844,0.0 77.590928,13.111776,0.0 77.591127,13.111803,0.0 77.591774,13.111256,0.0 77.592592,13.110712,0.0 77.593386,13.110019,0.0 77.593773,13.109324,0.0 77.594184,13.108712,0.0 77.594617,13.108094,0.0 77.594809,13.107572,0.0 77.595099,13.10721,0.0 77.595306,13.106583,0.0 77.595357,13.106003,0.0 77.595334,13.105485,0.0 77.595327,13.105329,0.0 77.595488,13.105051,0.0 77.595494,13.105045,0.0 77.595974,13.104675,0.0 77.59601,13.104539,0.0 77.596088,13.104238,0.0 77.596289,13.104191,0.0 77.596728,13.104175,0.0 77.597031,13.104052,0.0 77.597234,13.103656,0.0 77.596843,13.103564,0.0 77.596488,13.103448,0.0 77.595781,13.103456,0.0 77.59544,13.103483,0.0 77.595052,13.103654,0.0 77.594722,13.103657,0.0 77.594708,13.103407,0.0 77.594741,13.103131,0.0 77.594738,13.102821,0.0 77.594699,13.102606,0.0 77.594611,13.10238,0.0 77.594245,13.102336,0.0 77.593572,13.102079,0.0 77.592826,13.101916,0.0 77.593598,13.10024,0.0 77.59301,13.09884,0.0 77.592294,13.097196,0.0 77.593606,13.095848,0.0 77.594441,13.095172,0.0 77.595224,13.096359,0.0 77.595595,13.09581,0.0 77.596113,13.093996,0.0 77.596305,13.09178,0.0 77.595872,13.089817,0.0 77.594935,13.087561,0.0 77.593651,13.084697,0.0 77.59413,13.084624,0.0 77.594156,13.084623,0.0 77.594205,13.084605,0.0 77.594276,13.084574,0.0 77.594493,13.084513,0.0 77.595154,13.084309,0.0 77.595762,13.084079,0.0 77.596027,13.083993,0.0 77.5966,13.083852,0.0 77.597195,13.083719,0.0 77.597385,13.083686,0.0 77.597879,13.083672,0.0 77.598218,13.083667,0.0 77.598326,13.083664,0.0 77.598337,13.083663,0.0 77.598702,13.083594,0.0 77.599407,13.083429,0.0 77.599734,13.083338,0.0 77.599951,13.083292,0.0 77.600487,13.083239,0.0 77.601355,13.083149,0.0 77.601565,13.083125,0.0 77.602252,13.083031,0.0 77.602317,13.083338,0.0 77.602414,13.083797,0.0 77.602587,13.084597,0.0 77.602706,13.085367,0.0 77.602748,13.085544,0.0 77.602851,13.08597,0.0 77.602863,13.086022,0.0 77.602871,13.086052,0.0 77.603012,13.08619,0.0 77.603212,13.08631,0.0 77.603345,13.086414,0.0 77.60366,13.086508,0.0 77.603842,13.086563,0.0 77.60404,13.086561,0.0 77.604177,13.086526,0.0 77.604142,13.086801,0.0 77.604116,13.086904,0.0 77.604081,13.08699,0.0 77.603965,13.087104,0.0 77.603757,13.087328,0.0 77.603578,13.087509,0.0 77.603522,13.087558,0.0 77.603494,13.087595,0.0 77.603463,13.087644,0.0 77.603443,13.087699,0.0 77.603418,13.087837,0.0 77.603361,13.088203,0.0 77.603286,13.088712,0.0 77.603211,13.088965,0.0 77.603148,13.089139,0.0 77.602962,13.089542,0.0 77.602842,13.089782,0.0 77.602662,13.090101,0.0 77.602413,13.090465,0.0 77.602084,13.090889,0.0 77.601712,13.09139,0.0 77.601514,13.091662,0.0 77.601443,13.09175,0.0 77.601377,13.091843,0.0 77.601292,13.091999,0.0 77.601154,13.092333,0.0 77.600995,13.092738,0.0 77.600911,13.093026,0.0 77.600873,13.093224,0.0 77.60085,13.093412,0.0 77.60082,13.093732,0.0 77.600793,13.094107,0.0 77.600738,13.094401,0.0 77.600626,13.09483,0.0 77.600531,13.095104,0.0 77.600439,13.095331,0.0 77.600305,13.0957,0.0 77.600166,13.096129,0.0 77.600129,13.096239,0.0 77.600078,13.096305,0.0 77.600021,13.09638,0.0 77.599885,13.09659,0.0 77.599729,13.096821,0.0 77.5997,13.096872,0.0 77.599689,13.096894,0.0 77.599685,13.096916,0.0 77.59973,13.096959,0.0 77.599784,13.096976,0.0 77.599923,13.097003,0.0 77.600088,13.097015,0.0 77.600167,13.097013,0.0 77.600283,13.097077,0.0 77.600468,13.097264,0.0 77.600732,13.097484,0.0 77.600905,13.09757,0.0 77.601016,13.097671,0.0 77.60125,13.097668,0.0 77.601526,13.097652,0.0 77.601602,13.097639,0.0 77.60178,13.097609,0.0 77.602007,13.097627,0.0 77.602324,13.097624,0.0 77.602421,13.097643,0.0 77.60254,13.09781,0.0 77.602542,13.098026,0.0 77.602434,13.098217,0.0 77.602367,13.09828,0.0 77.602284,13.09836,0.0 77.602176,13.098624,0.0 77.602206,13.09884,0.0 77.602325,13.098959,0.0 77.602373,13.099007,0.0 77.602195,13.099354,0.0 77.601706,13.099312,0.0 77.601341,13.099352,0.0 77.599506,13.099822,0.0 77.599355,13.099841,0.0 77.599513,13.100441,0.0 77.599724,13.101218,0.0 77.599842,13.101641,0.0 77.599997,13.102206,0.0 77.600093,13.102629,0.0 77.600147,13.102863,0.0 77.600419,13.102876,0.0 77.60046,13.102907,0.0 77.6012,13.103072,0.0 77.601397,13.103123,0.0 77.60231,13.102922,0.0 77.603103,13.102186,0.0 77.603204,13.102191,0.0 77.603481,13.102176,0.0 77.603797,13.10216,0.0 77.604058,13.102147,0.0 77.604761,13.102111,0.0 77.606588,13.102018,0.0 77.607951,13.102052,0.0 77.608273,13.102061,0.0 77.608506,13.102068,0.0 77.608504,13.102207,0.0 77.608502,13.102371,0.0 77.608503,13.10237,0.0 77.608502,13.10243,0.0 77.608502,13.102467,0.0 77.608496,13.103046,0.0 77.60847,13.103117,0.0 77.608448,13.103602,0.0 77.608371,13.104485,0.0 77.608354,13.104575,0.0 77.608634,13.104585,0.0 77.608899,13.10459,0.0 77.608868,13.105039,0.0 77.608773,13.105594,0.0 77.608756,13.105988,0.0 77.608725,13.106722,0.0 77.608698,13.107002,0.0 77.608699,13.107223,0.0 77.608687,13.107445,0.0 77.608739,13.107452,0.0 77.609243,13.107525,0.0 77.609424,13.107711,0.0 77.609804,13.108101,0.0 77.609894,13.108226,0.0 77.609895,13.108313,0.0 77.60986,13.108603,0.0 77.60973,13.11002,0.0 77.609832,13.11003,0.0 77.609829,13.110228,0.0 77.609767,13.110408,0.0 77.609738,13.110474,0.0 77.609742,13.110536,0.0 77.609822,13.110583,0.0 77.610022,13.110667,0.0 77.610077,13.11082,0.0 77.610275,13.111141,0.0 77.61046,13.111525,0.0 77.610642,13.111943,0.0 77.610839,13.112491,0.0 77.610923,13.112673,0.0 77.611077,13.113301,0.0 77.611153,13.113683,0.0 77.61117,13.114122,0.0 77.611122,13.115085,0.0 77.611022,13.115442,0.0 77.610962,13.11594,0.0 77.610938,13.116768,0.0 77.611064,13.117557,0.0 77.611238,13.118651,0.0 77.611276,13.119236,0.0 77.611317,13.120026,0.0 77.611415,13.120694,0.0 77.61148,13.12126,0.0 77.611412,13.121643,0.0 77.611455,13.121782,0.0 77.611493,13.12191,0.0 77.611574,13.122202,0.0 77.611801,13.122722,0.0 77.612,13.123134,0.0 77.612265,13.123622,0.0 77.61286,13.125176,0.0 77.613214,13.126058,0.0 77.613514,13.126762,0.0 77.61396,13.127739,0.0 77.61437,13.128486,0.0 77.614546,13.129077,0.0 77.614637,13.129466,0.0 77.614647,13.129646,0.0 77.614936,13.130732,0.0 77.615154,13.131169,0.0</coordinates>
					</LinearRing>
				</outerBoundaryIs>
			</Polygon>
		</Placemark>
		<Placemark>
			<name>Ward 2</name>
			<description><![CDATA[Ward Name: Chowdeswari Ward<br>Zone: Yelahanka<br>Division: Yelahanka<br>Subdivision: Yelahanka<br>Assembly (MLA) Constituency : Yelahanka<br>Parliament (MP) Constituency: Chikballapur]]></description>
			<Style><LineStyle>
				<color>FF589D0F</color>
				<width>2.0</width>
			</LineStyle>
			<PolyStyle>
				<color>12589D0F</color>
				<fill>1</fill>
				<outline>1</outline>
			</PolyStyle></Style>
			<ExtendedData>
				<Data name='Ward Name'>
					<value>Chowdeswari Ward</value>
				</Data>
				<Data name='Zone'>
					<value>Yelahanka</value>
				</Data>
				<Data name='Division'>
					<value>Yelahanka</value>
				</Data>
				<Data name='Subdivision'>
					<value>Yelahanka</value>
				</Data>
				<Data name='Assembly (MLA) Constituency '>
					<value>Yelahanka</value>
				</Data>
				<Data name='Parliament (MP) Constituency'>
					<value>Chikballapur</value>
				</Data>
			</ExtendedData>
			<Polygon>
				<outerBoundaryIs>
					<LinearRing>
						<tessellate>1</tessellate>
						<coordinates>77.592294,13.097196,0.0 77.59301,13.09884,0.0 77.593598,13.10024,0.0 77.592826,13.101916,0.0 77.593572,13.102079,0.0 77.594245,13.102336,0.0 77.594611,13.10238,0.0 77.594699,13.102606,0.0 77.594738,13.102821,0.0 77.594741,13.103131,0.0 77.594708,13.103407,0.0 77.594722,13.103657,0.0 77.595052,13.103654,0.0 77.59544,13.103483,0.0 77.595781,13.103456,0.0 77.596488,13.103448,0.0 77.596843,13.103564,0.0 77.597234,13.103656,0.0 77.597031,13.104052,0.0 77.596728,13.104175,0.0 77.596289,13.104191,0.0 77.596088,13.104238,0.0 77.59601,13.104539,0.0 77.595974,13.104675,0.0 77.595494,13.105045,0.0 77.595488,13.105051,0.0 77.595327,13.105329,0.0 77.595334,13.105485,0.0 77.595357,13.106003,0.0 77.595306,13.106583,0.0 77.595099,13.10721,0.0 77.594809,13.107572,0.0 77.594617,13.108094,0.0 77.594184,13.108712,0.0 77.593773,13.109324,0.0 77.593386,13.110019,0.0 77.592592,13.110712,0.0 77.591774,13.111256,0.0 77.591127,13.111803,0.0 77.590928,13.111776,0.0 77.590749,13.111844,0.0 77.590649,13.111944,0.0 77.590628,13.112087,0.0 77.590658,13.112339,0.0 77.590491,13.112552,0.0 77.589709,13.112742,0.0 77.589567,13.112102,0.0 77.590429,13.111485,0.0 77.590465,13.111115,0.0 77.58972,13.110989,0.0 77.589463,13.111551,0.0 77.588521,13.111223,0.0 77.588344,13.11155,0.0 77.588351,13.111558,0.0 77.588339,13.111558,0.0 77.588331,13.111574,0.0 77.588238,13.111746,0.0 77.587847,13.112389,0.0 77.587426,13.113148,0.0 77.587247,13.113555,0.0 77.587058,13.11411,0.0 77.586982,13.114446,0.0 77.5869,13.114976,0.0 77.586779,13.115873,0.0 77.586665,13.116766,0.0 77.586544,13.117706,0.0 77.586437,13.11851,0.0 77.586317,13.119563,0.0 77.586291,13.119768,0.0 77.586816,13.120061,0.0 77.587445,13.12069,0.0 77.587922,13.121702,0.0 77.587944,13.123785,0.0 77.587782,13.125667,0.0 77.587779,13.126668,0.0 77.588065,13.127175,0.0 77.588318,13.129272,0.0 77.587885,13.130298,0.0 77.586617,13.130821,0.0 77.5851,13.131631,0.0 77.58325,13.134811,0.0 77.583146,13.1354,0.0 77.583082,13.136341,0.0 77.582973,13.136622,0.0 77.582962,13.136798,0.0 77.582916,13.137459,0.0 77.58287,13.138143,0.0 77.58282,13.138464,0.0 77.582791,13.138527,0.0 77.582658,13.139036,0.0 77.582555,13.139348,0.0 77.582476,13.139664,0.0 77.582445,13.139745,0.0 77.582124,13.14066,0.0 77.58182,13.141273,0.0 77.581413,13.141752,0.0 77.581408,13.141804,0.0 77.581117,13.14232,0.0 77.580916,13.142593,0.0 77.58006,13.143476,0.0 77.579496,13.143556,0.0 77.57947,13.14358,0.0 77.578426,13.143659,0.0 77.578048,13.143665,0.0 77.577428,13.143627,0.0 77.577073,13.143654,0.0 77.576951,13.143664,0.0 77.576771,13.143666,0.0 77.576577,13.143663,0.0 77.576203,13.143579,0.0 77.575838,13.143495,0.0 77.575772,13.143509,0.0 77.57251,13.142816,0.0 77.572557,13.141666,0.0 77.571667,13.14057,0.0 77.571189,13.140059,0.0 77.569601,13.137427,0.0 77.568991,13.136416,0.0 77.568906,13.136276,0.0 77.568591,13.134377,0.0 77.568392,13.133192,0.0 77.568257,13.131435,0.0 77.568132,13.130615,0.0 77.567996,13.129334,0.0 77.567897,13.128249,0.0 77.567825,13.127196,0.0 77.56862,13.127049,0.0 77.570637,13.126543,0.0 77.571928,13.125913,0.0 77.571749,13.125223,0.0 77.571769,13.123447,0.0 77.572022,13.122136,0.0 77.572021,13.120229,0.0 77.572199,13.118974,0.0 77.572178,13.116936,0.0 77.572592,13.114633,0.0 77.572711,13.113154,0.0 77.572638,13.111641,0.0 77.572349,13.109587,0.0 77.572257,13.108055,0.0 77.572677,13.108107,0.0 77.57326,13.107928,0.0 77.57352,13.108521,0.0 77.574061,13.108345,0.0 77.575035,13.107952,0.0 77.575729,13.107839,0.0 77.57625,13.107727,0.0 77.576726,13.107552,0.0 77.577297,13.107305,0.0 77.577304,13.107331,0.0 77.578021,13.108352,0.0 77.578716,13.109149,0.0 77.579245,13.108733,0.0 77.580023,13.108276,0.0 77.580686,13.107877,0.0 77.580989,13.107561,0.0 77.581082,13.107362,0.0 77.581297,13.107069,0.0 77.581835,13.10642,0.0 77.582526,13.105613,0.0 77.583197,13.1049,0.0 77.584105,13.104024,0.0 77.585065,13.103173,0.0 77.585911,13.102505,0.0 77.586514,13.102033,0.0 77.586904,13.101727,0.0 77.58712,13.101557,0.0 77.587331,13.101375,0.0 77.58908,13.100057,0.0 77.590945,13.098422,0.0 77.592294,13.097196,0.0</coordinates>
					</LinearRing>
				</outerBoundaryIs>
			</Polygon>
		</Placemark>
		<Placemark>
			<name>Ward 3</name>
			<description><![CDATA[Ward Name: Atturu<br>Zone: Yelahanka<br>Division: Yelahanka<br>Subdivision: Yelahanka<br>Assembly (MLA) Constituency : Yelahanka<br>Parliament (MP) Constituency: Chikballapur]]></description>
			<Style><LineStyle>
				<color>FF589D0F</color>
				<width>2.0</width>
			</LineStyle>
			<PolyStyle>
				<color>12589D0F</color>
				<fill>1</fill>
				<outline>1</outline>
			</PolyStyle></Style>
			<ExtendedData>
				<Data name='Ward Name'>
					<value>Atturu</value>
				</Data>
				<Data name='Zone'>
					<value>Yelahanka</value>
				</Data>
				<Data name='Division'>
					<value>Yelahanka</value>
				</Data>
				<Data name='Subdivision'>
					<value>Yelahanka</value>
				</Data>
				<Data name='Assembly (MLA) Constituency '>
					<value>Yelahanka</value>
				</Data>
				<Data name='Parliament (MP) Constituency'>
					<value>Chikballapur</value>
				</Data>
			</ExtendedData>
			<Polygon>
				<outerBoundaryIs>
					<LinearRing>
						<tessellate>1</tessellate>
						<coordinates>77.56862,13.127049,0.0 77.566753,13.127377,0.0 77.566168,13.127336,0.0 77.566162,13.127332,0.0 77.566114,13.127328,0.0 77.566101,13.127328,0.0 77.566064,13.127329,0.0 77.56469,13.127569,0.0 77.564418,13.127616,0.0 77.563183,13.12786,0.0 77.563153,13.127871,0.0 77.563137,13.127871,0.0 77.563113,13.127869,0.0 77.562983,13.12745,0.0 77.562981,13.127421,0.0 77.561308,13.122528,0.0 77.561235,13.122411,0.0 77.561259,13.122398,0.0 77.560381,13.120028,0.0 77.559595,13.116991,0.0 77.558246,13.112497,0.0 77.556751,13.109439,0.0 77.554864,13.104786,0.0 77.554652,13.102825,0.0 77.554651,13.102822,0.0 77.554591,13.102268,0.0 77.554276,13.100489,0.0 77.549475,13.10111,0.0 77.546257,13.101265,0.0 77.544292,13.101284,0.0 77.541765,13.100679,0.0 77.540509,13.099074,0.0 77.539384,13.096814,0.0 77.538162,13.094583,0.0 77.537093,13.091884,0.0 77.536916,13.091546,0.0 77.536942,13.091502,0.0 77.536774,13.091079,0.0 77.536718,13.090957,0.0 77.538586,13.088769,0.0 77.540587,13.086326,0.0 77.541103,13.086011,0.0 77.542408,13.085373,0.0 77.543315,13.084929,0.0 77.543499,13.084913,0.0 77.543691,13.084925,0.0 77.54464,13.084826,0.0 77.545032,13.084791,0.0 77.545111,13.084772,0.0 77.545132,13.084425,0.0 77.545149,13.084171,0.0 77.545133,13.083565,0.0 77.546461,13.083577,0.0 77.546504,13.083628,0.0 77.547192,13.083607,0.0 77.547514,13.083598,0.0 77.547494,13.083466,0.0 77.547479,13.083376,0.0 77.547271,13.082311,0.0 77.547171,13.081992,0.0 77.548059,13.081817,0.0 77.5482,13.081784,0.0 77.548448,13.081688,0.0 77.548515,13.081715,0.0 77.548781,13.082053,0.0 77.548831,13.082105,0.0 77.548938,13.082128,0.0 77.549211,13.082156,0.0 77.549385,13.082165,0.0 77.549868,13.082192,0.0 77.550084,13.082203,0.0 77.550194,13.082258,0.0 77.550267,13.082375,0.0 77.550541,13.08287,0.0 77.550689,13.083077,0.0 77.550839,13.083193,0.0 77.550967,13.083272,0.0 77.551124,13.083378,0.0 77.551264,13.083502,0.0 77.551469,13.083816,0.0 77.551832,13.084247,0.0 77.552104,13.084491,0.0 77.552272,13.084604,0.0 77.55236,13.084635,0.0 77.552439,13.084651,0.0 77.552559,13.084657,0.0 77.552684,13.08468,0.0 77.552872,13.084755,0.0 77.553433,13.085152,0.0 77.553776,13.085361,0.0 77.554253,13.085572,0.0 77.554815,13.085789,0.0 77.555407,13.086047,0.0 77.555485,13.08605,0.0 77.555509,13.086049,0.0 77.555545,13.086042,0.0 77.555647,13.086013,0.0 77.556092,13.085793,0.0 77.557037,13.085412,0.0 77.557568,13.085198,0.0 77.55782,13.085105,0.0 77.558012,13.085031,0.0 77.558045,13.085019,0.0 77.558172,13.08497,0.0 77.558553,13.08481,0.0 77.55862,13.084802,0.0 77.558688,13.084826,0.0 77.558792,13.084964,0.0 77.558846,13.084991,0.0 77.558892,13.084991,0.0 77.558945,13.08498,0.0 77.559874,13.084352,0.0 77.560051,13.08427,0.0 77.560086,13.084277,0.0 77.560122,13.084321,0.0 77.560363,13.084608,0.0 77.560978,13.08514,0.0 77.561826,13.085858,0.0 77.561956,13.086062,0.0 77.562153,13.086272,0.0 77.562139,13.086342,0.0 77.562097,13.086377,0.0 77.562122,13.086401,0.0 77.562327,13.086618,0.0 77.561843,13.086901,0.0 77.561074,13.08736,0.0 77.560538,13.087676,0.0 77.560375,13.087772,0.0 77.56007,13.087954,0.0 77.560017,13.087999,0.0 77.560018,13.088004,0.0 77.559101,13.088888,0.0 77.558487,13.089527,0.0 77.558599,13.093663,0.0 77.559299,13.099894,0.0 77.561158,13.098948,0.0 77.565027,13.097713,0.0 77.565036,13.09771,0.0 77.565179,13.097726,0.0 77.565472,13.09774,0.0 77.566275,13.097832,0.0 77.567066,13.097887,0.0 77.567922,13.097973,0.0 77.568618,13.09806,0.0 77.569389,13.098126,0.0 77.569784,13.098122,0.0 77.56988,13.098121,0.0 77.570213,13.098084,0.0 77.572647,13.09857,0.0 77.575747,13.099106,0.0 77.578677,13.100012,0.0 77.584071,13.101432,0.0 77.586514,13.102033,0.0 77.585911,13.102505,0.0 77.585065,13.103173,0.0 77.584105,13.104024,0.0 77.583197,13.1049,0.0 77.582526,13.105613,0.0 77.581835,13.10642,0.0 77.581297,13.107069,0.0 77.581082,13.107362,0.0 77.580989,13.107561,0.0 77.580686,13.107877,0.0 77.580023,13.108276,0.0 77.579245,13.108733,0.0 77.578716,13.109149,0.0 77.578021,13.108352,0.0 77.577304,13.107331,0.0 77.577297,13.107305,0.0 77.576726,13.107552,0.0 77.57625,13.107727,0.0 77.575729,13.107839,0.0 77.575035,13.107952,0.0 77.574061,13.108345,0.0 77.57352,13.108521,0.0 77.57326,13.107928,0.0 77.572677,13.108107,0.0 77.572257,13.108055,0.0 77.572349,13.109587,0.0 77.572638,13.111641,0.0 77.572711,13.113154,0.0 77.572592,13.114633,0.0 77.572178,13.116936,0.0 77.572199,13.118974,0.0 77.572021,13.120229,0.0 77.572022,13.122136,0.0 77.571769,13.123447,0.0 77.571749,13.125223,0.0 77.571928,13.125913,0.0 77.570637,13.126543,0.0 77.56862,13.127049,0.0</coordinates>
					</LinearRing>
				</outerBoundaryIs>
			</Polygon>
		</Placemark>
		
</Document>
</kml>